2.8404572946684703
0.7654931843280792
0.7565929634230477
0.7208535032612937
0.6965792519705636
0.6975608680929456
0.7138420428548541
0.688377571957452
0.7668161817959377
0.7301874671663556
0.7417036976133075
0.7150869028908866
0.7115950030939919
0.7117585582392556
0.6954636786665235
0.709180452993938
0.6940240434237889
0.7036618973527636
0.745221883058548
0.6767004983765739
0.6967724093369075
0.6915350215775626
0.6908619914736066
0.7008801358086723
0.6959666737488338
0.6867423951625824
0.6790441870689392
0.759803124836513
0.6988969487803323
0.6827605494431087
0.7229166626930237
0.6861348279884883
0.6641904882022313
0.6306469121149608
0.7239544902529035
0.6995522422449929
0.7041856944561005
0.7142218691962106
0.6950542415891375
0.6944967125143323
0.7123621319021497
0.7146711604935783
0.6975653767585754
0.7199560190950122
0.7187936902046204
0.6835592218807766
0.7007559963635036
0.7047500227178846
0.6428643848214831
0.6668770100389209
0.6290612412350518
0.6824390313455037
0.6783944134201322
0.6596492997237614
0.6342312970331737
0.6431440796170916
0.6100348447050367
0.6831713574273246
0.6775545903614589
0.6026071459054947
0.6140407621860504
0.6360893398523331
0.6530581734010151
0.5557227432727814
0.6173462676150459
0.633973764521735
0.564982682466507
0.541098911847387
0.5112391997660909
0.5436258954661233
0.5816077675138202
0.5426730130399976
0.591302250112806
0.5529551867927823
0.5478819991861071
0.5991147352116448
0.5714813598564693
0.572732286793845
0.6549726171152932
0.5650072055203574
0.5524482939924512
0.6065279905285154
0.6719774774142674
0.609901419707707
0.5436963204826627
0.6213189001594271
0.5614585259131023
0.552361249923706
0.4765521213412285
0.40353640275342123
0.43662786164454054
0.4400824350970132
0.4684424081018993
0.377409071794578
0.3980081720011575
0.2802403603813478
0.26348381995090414
0.3230104792330946
0.35396336019039154
0.43901517880814417
0.6729234691177096
0.5521193764039448
0.47764839444841656
0.3375292367168835
0.26643822727991
0.24343013843255384
0.20979832831237996
0.18923129354204452
0.37471400307757513
0.48895879089832306
0.42348897244249073
0.32038998178073336
0.22880333821688378
0.18868159662399972
0.11863228026777506
0.18530049627380712
0.28523965924978256
0.20899762266448565
0.2701678270740168
0.2536970754819257
0.2442136758140155
0.14140821234988316
0.20661616890824266
0.20211372231798513
0.16297053199793612
0.091089536236333
0.0677762393440519
0.052148199906306605
0.1359091560422842
0.09197834919073752
0.09079415241389402
0.1920187249114471
0.19197630589561804
0.1576800516673497
0.09436170796730689
0.0732156216898667
0.06925083750060626
0.06474462716973253
0.1958628250285983
0.11021826023768101
0.04854055680334568
0.04916935886389443
0.04605919205849724
0.044254223782835264
0.04501995470907007
0.17367363827569143
0.10002532990516297
0.08152541152334639
0.06232701148837805
0.052544032755706994
0.12088769248553685
0.1670011949858495
0.08235230509723936
0.05920854466967285
0.05172513026211943
0.04980002170694726
0.04597297877938088
0.04687734141147563
0.09239480877295136
0.07195308984124235
0.07395401803244438
0.06171471565695746
0.05438579412709389
0.0479869633646948
0.045409892120265534
0.044585449122158546
0.043438214609133344
