2.6574143895081113
0.7210286983421871
0.710083373955318
0.7329912824290139
0.7054561291422162
0.7134311752659934
0.6930216125079564
0.7762710888470922
0.7181793706757682
0.6910390641008105
0.774169785635812
0.7388089597225189
0.7419021555355617
0.7383911311626434
0.7009720930031368
0.7001990973949432
0.6959414737565177
0.7047656391348157
0.7045980904783521
0.6815235018730164
0.7330699775900159
0.714019387960434
0.7394313514232635
0.6946480785097394
0.6996850797108242
0.7158666380814144
0.713294335774013
0.7200885159628732
0.6789462438651493
0.7102091993604388
0.7043271958827972
0.7230144696576255
0.7522324962275369
0.8406559228897095
0.6964436258588519
0.7083426501069751
0.7170014338833945
0.7748618849686214
0.7756360428673881
0.6958885576043811
0.7008070349693298
0.6782406568527222
0.7249491087027958
0.683173656463623
0.6927844030516488
0.7090034995760236
0.693964672940118
0.7253880628517696
0.725653771843229
0.698877364397049
0.7088307951177869
0.692478426865169
0.6946558143411364
0.7100624654974256
0.7137158172471183
0.6855632833072117
0.6821140263761792
0.692648538521358
0.6722135160650525
0.6853744728224618
0.6825427157538277
0.701032647064754
0.6863370112010411
0.732151027236666
0.6675006917544773
0.6921244604246957
0.6664016927991595
0.6889636261122567
0.7432468895401273
0.7947595374924796
0.6626827078206199
0.6949003296239036
0.7028302678040096
0.7821079407419477
0.6946542348180499
0.6197704949549266
0.6351793025221143
0.5901391463620322
0.5533547497221402
0.5571354010275432
0.683241701551846
0.5752708166837692
0.5354363641568592
0.6316030068056924
0.5928328228848321
0.5845370973859515
0.5603318618876594
0.5523673806871686
0.5150624428476606
0.49357048741408754
0.5077119959252221
0.44837765182767597
0.39950649653162273
0.644751920231751
0.6134440132549831
0.5614555733544486
0.462434036391122
0.41053665429353714
0.35815745911427904
0.3992908245750836
0.46837063346590313
0.4618463356580053
0.35107020075832096
0.35142556365047184
0.424570626446179
0.3363335600921086
0.17628375653709685
0.2297774345747062
0.30608523956366945
0.23827754812581198
0.1997927696044956
0.14923837913998536
0.2290928339851754
0.11779605929872819
0.14689407670604332
0.2175827513315848
0.26175897089498384
0.12083585766543235
0.07450611224131924
0.07716577273926564
0.054213065787085464
0.05045311638553228
0.03744879351662738
0.0380499600100198
0.03921846440061927
0.03621800882475717
0.04552297410555184
0.0998539902003748
0.1433938013921891
0.09705533366650343
0.048408012970217636
0.05396228050813079
0.1197546291431146
0.1165638621231275
0.11001587486160654
0.08789654122665524
0.07133783446624875
0.04649908133848969
0.030942709850413457
0.041347741415458064
0.05933590765510287
0.3295023799208658
0.22913158684968948
0.1550455054135195
0.110596513508686
0.1055397665394204
0.06804202936057534
0.061825740932753045
0.07315415992135448
0.24673598618911846
0.19252410610871656
0.07776931676614497
0.04512010351754725
0.02577181250256087
0.024778764079590992
0.02264504344202578
0.019176740149435188
0.018429611144321307
0.018359861852202033
0.017383965929704055
0.0188451001221048
0.03082037457664098
0.062327888228797486
0.16425433409001147
0.12375751590090138
0.06360422357517694
0.03158582534108843
0.02558343528237726
0.019950017233246138
0.019551681986610805
0.01809167007117399
0.017554678239061365
